001214
000870
000414
000640
000698
000558
000688
000485
000573
000221
000078
000161
000440
000910
000160
000540
000374
000276
000827
000656
000248
000668
000294
001005
001211
000641
000996
000551
000189
000888
000625
000547
000331
001131
000149
000061
000619
000862
000818
000075
000431
000854
001110
000664
000841
000360
000915
001028
001149
000002
000469
000554
000935
000773
000081
000019
000772
000741
000060
000645
000597
000373
000532
000598
000528
001095
001082
000793
000821
000704
000481
000523
000520
000672
000346
000678
000830
000589
000063
001091
001086
000858
000669
000199
000859
000697
000456
001176
000508
000278
000143
001132
000035
000098
000251
001160
000774
000095
001013
000684
000283
000130
000564
000899
000655
001018
000881
000363
001209
000901
001134
000115
000329
001198
000436
000956
001063
000743
001123
000352
001130
001153
000755
000728
000388
000842
001066
000131
000322
000165
000902
000321
001195
001099
000092
000689
001167
000043
000875
000658
001152
000795
000857
000802
000220
000377
000309
000091
000925
000187
000474
000786
000984
000004
000270
000486
000785
001155
000979
000648
000783
000055
000093
000378
000744
000980
000855
000124
000620
000337
000150
000182
000646
000070
000434
000157
000531
000964
001049
000585
000514
001038
000978
000364
001121
000993
000291
000657
000383
000293
000950
000800
000106
001216
000107
000435
000972
000308
000096
000003
000876
000118
000732
000724
000392
001061
000289
000257
000256
001191
000900
000297
001101
000894
000591
000994
000885
000443
000312
000339
000413
001140
001139
000692
000675
000371
000510
000224
000498
000260
001117
000909
001120
000779
000470
000125
000535
000385
000356
000766
000676
000721
000404
001102
001217
000722
000760
000427
000453
000022
000860
000913
001020
000847
001173
000110
000874
001218
000144
000834
000141
001056
000176
001045
000861
000353
000796
000102
000104
000653
000695
000311
000552
000254
001044
000203
000461
000835
000867
000738
000837
000493
000343
000172
000562
000074
000574
000727
000590
000018
001004
000719
000421
000340
000892
000381
000025
000306
001105
000417
001212
000828
001126
000310
001029
000447
000662
001181
000890
000370
000595
000781
001200
000750
000047
001062
000366
001172
000507
000833
000156
000021
001059
000809
000116
000123
000636
000780
000041
000778
001027
000679
000838
001118
000465
000713
000298
001012
000593
000571
001114
000425
001064
000815
000886
000134
000292
000420
000316
000938
000263
000261
000606
000584
000142
000954
001022
000912
000826
000040
001171
000145
000268
000015
000969
000445
000813
000164
000275
000151
000618
000052
000661
000342
001039
000616
000139
000174
000769
000318
000801
000140
000497
000441
000262
000777
000197
000943
000538
000594
001097
001075
000596
000380
000820
001047
001187
001199
000330
000350
000853
001019
000973
001137
000332
001210
000017
000745
000947
001205
001193
000509
000085
000014
000409
000101
000968
000171
000851
000529
000336
000452
000442
001103
000386
000455
000119
000825
000868
000103
000700
000644
000515
000319
000039
001188
000416
000967
001170
000036
000788
000586
000188
000387
000930
000702
001043
000576
000135
000049
000492
000941
000916
000327
000067
000665
000582
000109
001178
001201
001127
000178
000660
000748
001208
000105
001011
001026
000823
000415
000045
000111
001074
000789
000032
000663
001031
000229
001072
000476
001080
000044
001206
000557
000561
000083
000020
000117
000846
000736
000234
001036
000936
001151
000587
001203
000995
001055
000034
000007
000541
000866
000575
000770
000396
000617
001084
000963
000080
000747
001048
000807
000333
000177
000681
000477
000267
000204
000114
000670
000295
000629
000219
000737
000464
001017
001098
001161
000158
000467
000384
001112
000068
000903
000301
000133
000430
000677
000612
000357
000701
001058
000878
001070
000771
000398
000643
000604
000703
000933
